[gd_scene load_steps=45 format=3 uid="uid://bvjlsytxo0nw0"]

[ext_resource type="PackedScene" uid="uid://b16kygp66s67b" path="res://scenes/character.tscn" id="1_d8ews"]
[ext_resource type="PackedScene" uid="uid://v1a62jl4wiqy" path="res://scenes/Map.tscn" id="2_31a4d"]
[ext_resource type="PackedScene" uid="uid://dhco5wbwfv47e" path="res://scenes/key.tscn" id="3_cgugd"]
[ext_resource type="PackedScene" uid="uid://dle6g0sagpqru" path="res://scenes/door.tscn" id="5_1tcwo"]
[ext_resource type="PackedScene" uid="uid://blrcyniicqvmm" path="res://scenes/battery_pickup.tscn" id="5_fvx33"]
[ext_resource type="PackedScene" uid="uid://c724jatgw6btx" path="res://scenes/flashlight_interactable.tscn" id="9_f8rqe"]
[ext_resource type="PackedScene" uid="uid://bd3rvehok7gcf" path="res://scenes/myer2.tscn" id="9_ubmgq"]
[ext_resource type="PackedScene" uid="uid://cpq7yqrmi1wwd" path="res://scenes/audio_trigger_but_real.tscn" id="10_j657m"]
[ext_resource type="PackedScene" uid="uid://lq6a8y282g6d" path="res://scenes/myer_point.tscn" id="10_v2boh"]
[ext_resource type="AudioStream" uid="uid://ddy3lsljplk3f" path="res://sounds/quiet footsteps.mp3" id="11_28x5v"]
[ext_resource type="PackedScene" uid="uid://cwkkhpndfqjn4" path="res://scenes/birthday_rat.tscn" id="11_e0ekf"]
[ext_resource type="AudioStream" uid="uid://if2v8874h4wo" path="res://sounds/footseps.mp3" id="12_h1fm7"]
[ext_resource type="PackedScene" path="res://scenes/chair.tscn" id="13_kf5o5"]
[ext_resource type="PackedScene" path="res://scenes/jar.tscn" id="14_6tvnq"]
[ext_resource type="PackedScene" path="res://scenes/arm.tscn" id="15_lxoce"]
[ext_resource type="PackedScene" path="res://scenes/bottle.tscn" id="16_lkadw"]
[ext_resource type="PackedScene" uid="uid://bfducwd40tcqn" path="res://models/bottle.glb" id="16_t7ukm"]
[ext_resource type="PackedScene" uid="uid://b40w77q852ijd" path="res://scenes/lock.tscn" id="17_s05of"]

[sub_resource type="ProceduralSkyMaterial" id="ProceduralSkyMaterial_j0egt"]
sky_horizon_color = Color(0.64625, 0.65575, 0.67075, 1)
ground_horizon_color = Color(0.64625, 0.65575, 0.67075, 1)

[sub_resource type="Sky" id="Sky_7j884"]
sky_material = SubResource("ProceduralSkyMaterial_j0egt")

[sub_resource type="Environment" id="Environment_ybakg"]
background_mode = 2
sky = SubResource("Sky_7j884")
ambient_light_color = Color(1, 0.94902, 0.8, 1)
ambient_light_sky_contribution = 0.0
ambient_light_energy = 0.04
tonemap_mode = 2
glow_enabled = true
fog_enabled = true
fog_light_color = Color(1, 0.94902, 0.8, 1)
fog_light_energy = 0.02
fog_density = 0.1

[sub_resource type="CylinderShape3D" id="CylinderShape3D_vua5t"]
resource_local_to_scene = true
radius = 3.96429

[sub_resource type="CylinderShape3D" id="CylinderShape3D_i2uce"]
resource_local_to_scene = true
radius = 3.86422

[sub_resource type="CylinderShape3D" id="CylinderShape3D_q1hyq"]
resource_local_to_scene = true
radius = 3.96429

[sub_resource type="CylinderShape3D" id="CylinderShape3D_1f7oo"]
resource_local_to_scene = true
radius = 8.69926

[sub_resource type="CylinderShape3D" id="CylinderShape3D_sp7ls"]
resource_local_to_scene = true
radius = 3.96429

[sub_resource type="BoxShape3D" id="BoxShape3D_q7v1o"]
size = Vector3(12.501, 1, 15.9471)

[sub_resource type="CylinderShape3D" id="CylinderShape3D_ksfcp"]
resource_local_to_scene = true
radius = 3.96429

[sub_resource type="BoxShape3D" id="BoxShape3D_x3wde"]
size = Vector3(1.06545, 1, 8.05546)

[sub_resource type="CylinderShape3D" id="CylinderShape3D_k6bnd"]
resource_local_to_scene = true
radius = 6.30266

[sub_resource type="CylinderShape3D" id="CylinderShape3D_277uq"]
resource_local_to_scene = true
radius = 3.96429

[sub_resource type="CylinderShape3D" id="CylinderShape3D_nubid"]
resource_local_to_scene = true
radius = 6.30266

[sub_resource type="CylinderShape3D" id="CylinderShape3D_suk2w"]
resource_local_to_scene = true
radius = 3.96429

[sub_resource type="CylinderShape3D" id="CylinderShape3D_0x5l0"]
resource_local_to_scene = true
radius = 9.19903

[sub_resource type="CylinderShape3D" id="CylinderShape3D_entf8"]
resource_local_to_scene = true
radius = 3.96429

[sub_resource type="CylinderShape3D" id="CylinderShape3D_f311x"]
resource_local_to_scene = true
radius = 4.79865

[sub_resource type="CylinderShape3D" id="CylinderShape3D_ehnny"]
resource_local_to_scene = true
radius = 3.96429

[sub_resource type="CylinderShape3D" id="CylinderShape3D_2sqgo"]
resource_local_to_scene = true
radius = 3.86422

[sub_resource type="CylinderShape3D" id="CylinderShape3D_q0pqt"]
resource_local_to_scene = true
radius = 6.31023

[sub_resource type="CylinderShape3D" id="CylinderShape3D_w877e"]
resource_local_to_scene = true
radius = 5.69132

[sub_resource type="CylinderShape3D" id="CylinderShape3D_0ddsx"]
resource_local_to_scene = true
radius = 3.96429

[sub_resource type="CylinderShape3D" id="CylinderShape3D_sywj1"]
resource_local_to_scene = true
radius = 1.03499

[sub_resource type="BoxShape3D" id="BoxShape3D_l2oh2"]
size = Vector3(1.30611, 0.200714, 4.54112)

[sub_resource type="CylinderShape3D" id="CylinderShape3D_vd1c2"]
height = 1.15256
radius = 0.766967

[node name="MainRoot" type="Node3D"]

[node name="WorldEnvironment" type="WorldEnvironment" parent="."]
environment = SubResource("Environment_ybakg")

[node name="CharacterBody3D" parent="." instance=ExtResource("1_d8ews")]
transform = Transform3D(1, 0, 0, 0, 1, 0, 0, 0, 1, 0, 1, 0)

[node name="Camera3D" parent="CharacterBody3D" index="2"]
current = false

[node name="inside player" type="MeshInstance3D" parent="CharacterBody3D/Camera3D" index="4"]
transform = Transform3D(1, 0, 0, 0, 1, 0, 0, 0, 1, -1.52588e-05, -0.727703, 2.64074)
skeleton = NodePath("../..")

[node name="myer2" parent="." node_paths=PackedStringArray("player") instance=ExtResource("9_ubmgq")]
transform = Transform3D(-0.999487, 0, 0.0320212, 0, 1, 0, -0.0320212, 0, -0.999487, 54.6074, 0.689481, -57.7404)
player = NodePath("../CharacterBody3D")

[node name="Map" parent="." instance=ExtResource("2_31a4d")]

[node name="Node3D" type="Node3D" parent="."]

[node name="MyerPoints" type="Node" parent="."]

[node name="MyerPoint" parent="MyerPoints" node_paths=PackedStringArray("myer") instance=ExtResource("10_v2boh")]
transform = Transform3D(1, 0, 0, 0, 1, 0, 0, 0, 1, 58.8053, 0.395179, 4.01127)
myer = NodePath("../../myer2")
hideSpeed = 80.0

[node name="PlayerDetectionArea" parent="MyerPoints/MyerPoint" index="0"]
transform = Transform3D(1, 0, 0, 0, 1, 0, 0, 0, 1, -48.9079, 0, -4.53734)

[node name="PlayerDetectionShape" parent="MyerPoints/MyerPoint/PlayerDetectionArea" index="0"]
shape = SubResource("CylinderShape3D_vua5t")

[node name="MyerFleeArea" parent="MyerPoints/MyerPoint" index="1"]
transform = Transform3D(1, 0, 0, 0, 1, 0, 0, 0, 1, -28.5033, 0, -4.26969)

[node name="MyerFleeShape" parent="MyerPoints/MyerPoint/MyerFleeArea" index="0"]
shape = SubResource("CylinderShape3D_i2uce")

[node name="SpawnPoint" parent="MyerPoints/MyerPoint" index="2"]
transform = Transform3D(1, 0, 0, 0, 1, 0, 0, 0, 1, -2.63767, 0, -5.66011)

[node name="HidePoint" parent="MyerPoints/MyerPoint" index="3"]
transform = Transform3D(0.5, 0, 0, 0, 0.5, 0, 0, 0, 0.5, -2.15683, 0.48288, -19.9775)

[node name="MyerPoint2" parent="MyerPoints" node_paths=PackedStringArray("myer") instance=ExtResource("10_v2boh")]
transform = Transform3D(1, 0, 0, 0, 1, 0, 0, 0, 1, 55.5831, -0.211288, -54.841)
myer = NodePath("../../myer2")
hideSpeed = 30.0
stareTime = 5.0
approachFromHidePoint = true

[node name="PlayerDetectionArea" parent="MyerPoints/MyerPoint2" index="0"]
transform = Transform3D(1, 0, 0, 0, 1, 0, 0, 0, 1, 1.82377, 0, 54.717)

[node name="PlayerDetectionShape" parent="MyerPoints/MyerPoint2/PlayerDetectionArea" index="0"]
transform = Transform3D(1, 0, 0, 0, 1, 0, 0, 0, 1, -1.97902, 0, 0)
shape = SubResource("CylinderShape3D_q1hyq")

[node name="MyerFleeArea" parent="MyerPoints/MyerPoint2" index="1"]
transform = Transform3D(1, 0, 0, 0, 1, 0, 0, 0, 1, 11.7216, 0, 21.5964)

[node name="MyerFleeShape" parent="MyerPoints/MyerPoint2/MyerFleeArea" index="0"]
shape = SubResource("CylinderShape3D_1f7oo")

[node name="SpawnPoint" parent="MyerPoints/MyerPoint2" index="2"]
transform = Transform3D(1, 0, 0, 0, 1, 0, 0, 0, 1, 1.91876, 1.4545, -12.6229)

[node name="HidePoint" parent="MyerPoints/MyerPoint2" index="3"]
transform = Transform3D(0.5, 0, 0, 0, 0.5, 0, 0, 0, 0.5, -9.28813, 1.59001, -4.16554)

[node name="MyerPoint3" parent="MyerPoints" node_paths=PackedStringArray("myer") instance=ExtResource("10_v2boh")]
transform = Transform3D(1, 0, 0, 0, 1, 0, 0, 0, 1, 88.5722, -0.216427, -32.6243)
myer = NodePath("../../myer2")
hideSpeed = 25.0
stareTime = 2.0

[node name="PlayerDetectionArea" parent="MyerPoints/MyerPoint3" index="0"]
transform = Transform3D(1, 0, 0, 0, 1, 0, 0, 0, 1, -2.79037, 2.76714, 1.83391)

[node name="PlayerDetectionShape" parent="MyerPoints/MyerPoint3/PlayerDetectionArea" index="0"]
transform = Transform3D(1, 0, 0, 0, 1, 0, 0, 0, 1, 1.50952, 0, -2.34026)
shape = SubResource("CylinderShape3D_sp7ls")

[node name="MyerFleeArea" parent="MyerPoints/MyerPoint3" index="1"]
transform = Transform3D(1, 0, 0, 0, 1, 0, 0, 0, 1, -1.11877, 0, -9.37755)

[node name="MyerFleeShape" parent="MyerPoints/MyerPoint3/MyerFleeArea" index="0"]
transform = Transform3D(1, 0, 0, 0, 1, 0, 0, 0, 1, -3.61408, 0.834595, -4.75103)
shape = SubResource("BoxShape3D_q7v1o")

[node name="SpawnPoint" parent="MyerPoints/MyerPoint3" index="2"]
transform = Transform3D(1, 0, 0, 0, 1, 0, 0, 0, 1, -0.959839, 0.984729, 0)

[node name="HidePoint" parent="MyerPoints/MyerPoint3" index="3"]
transform = Transform3D(0.5, 0, 0, 0, 0.5, 0, 0, 0, 0.5, -3.65129, 0.867985, 0)

[node name="MyerPoint6" parent="MyerPoints" node_paths=PackedStringArray("myer") instance=ExtResource("10_v2boh")]
transform = Transform3D(1, 0, 0, 0, 1, 0, 0, 0, 1, 139.653, 5.62709, 28.684)
myer = NodePath("../../myer2")
hideSpeed = 25.0
stareTime = 0.1

[node name="PlayerDetectionArea" parent="MyerPoints/MyerPoint6" index="0"]
transform = Transform3D(1, 0, 0, 0, 1, 0, 0, 0, 1, -11.0656, -0.0268354, -12.1924)

[node name="PlayerDetectionShape" parent="MyerPoints/MyerPoint6/PlayerDetectionArea" index="0"]
shape = SubResource("CylinderShape3D_ksfcp")

[node name="MyerFleeArea" parent="MyerPoints/MyerPoint6" index="1"]
transform = Transform3D(1, 0, 0, 0, 1, 0, 0, 0, 1, 0.747925, 0, 0)

[node name="MyerFleeShape" parent="MyerPoints/MyerPoint6/MyerFleeArea" index="0"]
transform = Transform3D(1, 0, 0, 0, 1, 0, 0, 0, 1, -2.13708, 0, -7.01694)
shape = SubResource("BoxShape3D_x3wde")

[node name="SpawnPoint" parent="MyerPoints/MyerPoint6" index="2"]
transform = Transform3D(1, 0, 0, 0, 1, 0, 0, 0, 1, 0.00518799, 0, 0)
skeleton = NodePath("../../MyerPoint6")

[node name="HidePoint" parent="MyerPoints/MyerPoint6" index="3"]
transform = Transform3D(0.5, 0, 0, 0, 0.5, 0, 0, 0, 0.5, 12.2156, 0, 0)
skeleton = NodePath("../../MyerPoint6")

[node name="MyerPoint7" parent="MyerPoints" node_paths=PackedStringArray("myer") instance=ExtResource("10_v2boh")]
transform = Transform3D(0.979301, 0, 0.202411, 0, 1, 0, -0.202411, 0, 0.979301, 94.186, 1.41618, -64.3098)
myer = NodePath("../../myer2")
hideSpeed = 25.0

[node name="PlayerDetectionArea" parent="MyerPoints/MyerPoint7" index="0"]
transform = Transform3D(1, 0, 0, 0, 1, 0, 0, 0, 1, 29.3812, -1.11763, 1.6947)

[node name="PlayerDetectionShape" parent="MyerPoints/MyerPoint7/PlayerDetectionArea" index="0"]
shape = SubResource("CylinderShape3D_ksfcp")

[node name="MyerFleeArea" parent="MyerPoints/MyerPoint7" index="1"]
transform = Transform3D(1, 0, 0, 0, 1, 0, 0, 0, 1, 7.04692, 0, -2.31832)

[node name="MyerFleeShape" parent="MyerPoints/MyerPoint7/MyerFleeArea" index="0"]
shape = SubResource("CylinderShape3D_k6bnd")

[node name="SpawnPoint" parent="MyerPoints/MyerPoint7" index="2"]
transform = Transform3D(1, 0, 0, 0, 1, 0, 0, 0, 1, -1.60995, 0, -0.212708)
skeleton = NodePath("../../MyerPoint6")

[node name="HidePoint" parent="MyerPoints/MyerPoint7" index="3"]
transform = Transform3D(0.5, 0, 0, 0, 0.5, 0, 0, 0, 0.5, 0.96434, 0, 6.86069)
skeleton = NodePath("../../MyerPoint6")

[node name="MyerPoint8" parent="MyerPoints" node_paths=PackedStringArray("myer") instance=ExtResource("10_v2boh")]
transform = Transform3D(0.979301, 0, 0.202411, 0, 1, 0, -0.202411, 0, 0.979301, 132.067, 1.41618, -62.7785)
myer = NodePath("../../myer2")
hideSpeed = 25.0

[node name="PlayerDetectionArea" parent="MyerPoints/MyerPoint8" index="0"]
transform = Transform3D(1, 0, 0, 0, 1, 0, 0, 0, 1, 22.7783, -0.472575, -0.798515)

[node name="PlayerDetectionShape" parent="MyerPoints/MyerPoint8/PlayerDetectionArea" index="0"]
shape = SubResource("CylinderShape3D_ksfcp")

[node name="MyerFleeShape" parent="MyerPoints/MyerPoint8/MyerFleeArea" index="0"]
transform = Transform3D(1, 0, 0, 0, 1, 0, 0, 0, 1, -1.7751, 0, -6.5688)
shape = SubResource("CylinderShape3D_k6bnd")

[node name="SpawnPoint" parent="MyerPoints/MyerPoint8" index="2"]
transform = Transform3D(1, 0, 0, 0, 1, 0, 0, 0, 1, -1.60996, 0, -0.212711)
skeleton = NodePath("../../MyerPoint6")

[node name="HidePoint" parent="MyerPoints/MyerPoint8" index="3"]
transform = Transform3D(0.5, 0, 0, 0, 0.5, 0, 0, 0, 0.5, 0.96434, 0, 6.86069)
skeleton = NodePath("../../MyerPoint6")

[node name="MyerPoint9" parent="MyerPoints" node_paths=PackedStringArray("myer") instance=ExtResource("10_v2boh")]
transform = Transform3D(0.979301, 0, 0.202411, 0, 1, 0, -0.202411, 0, 0.979301, 97.3945, 5.35374, 58.0863)
myer = NodePath("../../myer2")
hideSpeed = 50.0
stareTime = 0.5

[node name="PlayerDetectionArea" parent="MyerPoints/MyerPoint9" index="0"]
transform = Transform3D(1, 0, 0, 0, 1, 0, 0, 0, 1, 22.7783, -0.472575, -0.798515)

[node name="PlayerDetectionShape" parent="MyerPoints/MyerPoint9/PlayerDetectionArea" index="0"]
transform = Transform3D(1, 0, 0, 0, 1, 0, 0, 0, 1, -10.2084, 0.475283, 3.56266)
shape = SubResource("CylinderShape3D_277uq")

[node name="MyerFleeShape" parent="MyerPoints/MyerPoint9/MyerFleeArea" index="0"]
transform = Transform3D(1, 0, 0, 0, 1, 0, 0, 0, 1, 3.03181, 1.90735e-06, 0.496834)
shape = SubResource("CylinderShape3D_nubid")

[node name="SpawnPoint" parent="MyerPoints/MyerPoint9" index="2"]
transform = Transform3D(1, 0, 0, 0, 1, 0, 0, 0, 1, -1.45555, 0.5972, -0.95977)
skeleton = NodePath("../../MyerPoint6")

[node name="HidePoint" parent="MyerPoints/MyerPoint9" index="3"]
transform = Transform3D(0.5, 0, 0, 0, 0.5, 0, 0, 0, 0.5, -3.96037, 0, -12.3748)
skeleton = NodePath("../../MyerPoint6")

[node name="MyerPoint5" parent="MyerPoints" node_paths=PackedStringArray("myer") instance=ExtResource("10_v2boh")]
transform = Transform3D(1, 0, 0, 0, 1, 0, 0, 0, 1, 105.902, 1.30632, -16.5201)
myer = NodePath("../../myer2")
hideSpeed = 50.0
approachFromHidePoint = true

[node name="PlayerDetectionArea" parent="MyerPoints/MyerPoint5" index="0"]
transform = Transform3D(1, 0, 0, 0, 1, 0, 0, 0, 1, -5.87468, 2.91204, 30.3069)

[node name="PlayerDetectionShape" parent="MyerPoints/MyerPoint5/PlayerDetectionArea" index="0"]
transform = Transform3D(1, 0, 0, 0, 1, 0, 0, 0, 1, -5.6638, -0.548481, 5.13914)
shape = SubResource("CylinderShape3D_suk2w")

[node name="MyerFleeShape" parent="MyerPoints/MyerPoint5/MyerFleeArea" index="0"]
transform = Transform3D(1, 0, 0, 0, 1, 0, 0, 0, 1, -4.87646, -0.330674, 22.3878)
shape = SubResource("CylinderShape3D_0x5l0")

[node name="SpawnPoint" parent="MyerPoints/MyerPoint5" index="2"]
transform = Transform3D(1, 0, 0, 0, 1, 0, 0, 0, 1, -0.256126, 0.0604565, 0.559864)
skeleton = NodePath("../../MyerPoint5")

[node name="HidePoint" parent="MyerPoints/MyerPoint5" index="3"]
transform = Transform3D(0.5, 0, 0, 0, 0.5, 0, 0, 0, 0.5, 30.28, 0, -2.3866)
skeleton = NodePath("../../MyerPoint5")

[node name="MyerPoint4" parent="MyerPoints" node_paths=PackedStringArray("myer") instance=ExtResource("10_v2boh")]
transform = Transform3D(1, 0, 0, 0, 1, 0, 0, 0, 1, 73.9839, -0.0167785, -1.52056)
myer = NodePath("../../myer2")
hideSpeed = 125.0
stareTime = 0.2
approachFromHidePoint = true

[node name="PlayerDetectionArea" parent="MyerPoints/MyerPoint4" index="0"]
transform = Transform3D(1, 0, 0, 0, 1, 0, 0, 0, 1, -30.6879, 0, -4.76492)
collision_mask = 264

[node name="PlayerDetectionShape" parent="MyerPoints/MyerPoint4/PlayerDetectionArea" index="0"]
shape = SubResource("CylinderShape3D_entf8")

[node name="MyerFleeArea" parent="MyerPoints/MyerPoint4" index="1"]
transform = Transform3D(1, 0, 0, 0, 1, 0, 0, 0, 1, -25.1164, 0, 0)

[node name="MyerFleeShape" parent="MyerPoints/MyerPoint4/MyerFleeArea" index="0"]
transform = Transform3D(1, 0, 0, 0, 1, 0, 0, 0, 1, 0.28009, 0, 0.866319)
shape = SubResource("CylinderShape3D_f311x")

[node name="SpawnPoint" parent="MyerPoints/MyerPoint4" index="2"]
transform = Transform3D(1, 0, 0, 0, 1, 0, 0, 0, 1, 4.59174, 1.02393, -3.34571)

[node name="HidePoint" parent="MyerPoints/MyerPoint4" index="3"]
transform = Transform3D(0.5, 0, 0, 0, 0.5, 0, 0, 0, 0.5, -10.3525, 0, -23.3105)

[node name="rats" type="Node" parent="."]

[node name="BirthdayRat" parent="rats" instance=ExtResource("11_e0ekf")]
transform = Transform3D(0.973901, 0, 0.226974, 0, 1, 0, -0.226974, 0, 0.973901, 44.1554, 0.161469, -2.27022)

[node name="BirthdayRat2" parent="rats" instance=ExtResource("11_e0ekf")]
transform = Transform3D(1, 0, 0, 0, 1, 0, 0, 0, 1, 43.7927, 0.161469, -2.27022)

[node name="BirthdayRat3" parent="rats" instance=ExtResource("11_e0ekf")]
transform = Transform3D(1, 0, 0, 0, 1, 0, 0, 0, 1, 43.4926, 0.161469, -2.27022)

[node name="BirthdayRat4" parent="rats" instance=ExtResource("11_e0ekf")]
transform = Transform3D(1, 0, 0, 0, 1, 0, 0, 0, 1, 43.1722, 0.161469, -2.27022)

[node name="BirthdayRat5" parent="rats" instance=ExtResource("11_e0ekf")]
transform = Transform3D(1, 0, 0, 0, 1, 0, 0, 0, 1, 42.8567, 0.161469, -2.27022)

[node name="BirthdayRat6" parent="rats" instance=ExtResource("11_e0ekf")]
transform = Transform3D(0.996526, 0, -0.0832778, 0, 1, 0, 0.0832778, 0, 0.996526, 42.4963, 0.161469, -2.27022)

[node name="BirthdayRat10" parent="rats" instance=ExtResource("11_e0ekf")]
transform = Transform3D(0.973901, 0, 0.226974, 0, 1, 0, -0.226974, 0, 0.973901, 44.1554, 0.161469, -1.65282)

[node name="BirthdayRat11" parent="rats" instance=ExtResource("11_e0ekf")]
transform = Transform3D(1, 0, 0, 0, 1, 0, 0, 0, 1, 43.7927, 0.161469, -1.65282)

[node name="BirthdayRat13" parent="rats" instance=ExtResource("11_e0ekf")]
transform = Transform3D(1, 0, 0, 0, 1, 0, 0, 0, 1, 43.4926, 0.161469, -1.65282)

[node name="BirthdayRat14" parent="rats" instance=ExtResource("11_e0ekf")]
transform = Transform3D(1, 0, 0, 0, 1, 0, 0, 0, 1, 43.1722, 0.161469, -1.65282)

[node name="BirthdayRat15" parent="rats" instance=ExtResource("11_e0ekf")]
transform = Transform3D(0.996526, 0, -0.0832778, 0, 1, 0, 0.0832778, 0, 0.996526, 42.4963, 0.161469, -1.65282)

[node name="BirthdayRat9" parent="rats" instance=ExtResource("11_e0ekf")]
transform = Transform3D(0.996526, 0, -0.0832778, 0, 1, 0, 0.0832778, 0, 0.996526, 15.1283, 0.161469, -2.27022)

[node name="BirthdayRat7" parent="rats" instance=ExtResource("11_e0ekf")]
transform = Transform3D(-0.990146, 0, -0.140037, 0, 1, 0, 0.140037, 0, -0.990146, 14.284, 0.161469, 2.08833)

[node name="BirthdayRat8" parent="rats" instance=ExtResource("11_e0ekf")]
transform = Transform3D(-0.998874, 0, 0.0474377, 0, 1, 0, -0.0474377, 0, -0.998874, 14.6462, 0.161469, 2.10554)

[node name="BirthdayRat12" parent="rats" instance=ExtResource("11_e0ekf")]
transform = Transform3D(-0.963514, 0, 0.267659, 0, 1, 0, -0.267659, 0, -0.963514, 15.9412, 0.161469, 2.16704)

[node name="rat" parent="rats/BirthdayRat12/BirthdayRat" index="0"]
transform = Transform3D(-0.1, 0, -9.31323e-09, 0, 0.1, 0, 9.31323e-09, 0, -0.1, -13.3962, 0, 2.62898)

[node name="Batteries" type="Node" parent="."]

[node name="Battery Pickup" parent="Batteries" instance=ExtResource("5_fvx33")]
transform = Transform3D(1, 0, 0, 0, 1, 0, 0, 0, 1, -9.89105, 0.220502, -2.90936)
skeleton = NodePath("../..")

[node name="Battery Pickup2" parent="Batteries" instance=ExtResource("5_fvx33")]
transform = Transform3D(0.349652, 0, -0.93688, 0, 1, 0, 0.93688, 0, 0.349652, 44.1352, 0.217446, -3.72912)
skeleton = NodePath("../..")

[node name="StaticBody3D" parent="Batteries/Battery Pickup2" index="1"]
energy = 10.0

[node name="Battery Pickup4" parent="Batteries" instance=ExtResource("5_fvx33")]
transform = Transform3D(-0.633556, 0, 0.773697, 0, 1, 0, -0.773697, 0, -0.633556, 45.0785, 0.217446, -3.14545)
skeleton = NodePath("../..")

[node name="StaticBody3D" parent="Batteries/Battery Pickup4" index="1"]
transform = Transform3D(0.3, 0, 2.98023e-08, 0, 0.3, 0, -2.98023e-08, 0, 0.3, 0, 0, 0)
energy = 8.0

[node name="Battery Pickup3" parent="Batteries" instance=ExtResource("5_fvx33")]
transform = Transform3D(1, 0, 0, 0, 1, 0, 0, 0, 1, 88.3558, -0.0917048, -38.9984)
skeleton = NodePath("../..")

[node name="Battery Pickup5" parent="Batteries" instance=ExtResource("5_fvx33")]
transform = Transform3D(1, 0, 0, 0, 1, 0, 0, 0, 1, 89.4494, 3.8363, -27.7217)
skeleton = NodePath("../..")

[node name="Battery Pickup7" parent="Batteries" instance=ExtResource("5_fvx33")]
transform = Transform3D(1, 0, 0, 0, 1, 0, 0, 0, 1, 130.163, 0.873837, -50.6285)
skeleton = NodePath("../..")

[node name="Battery Pickup8" parent="Batteries" instance=ExtResource("5_fvx33")]
transform = Transform3D(1, 0, 0, 0, 1, 0, 0, 0, 1, 93.903, 0.239525, 4.25103)
skeleton = NodePath("../..")

[node name="Battery Pickup9" parent="Batteries" instance=ExtResource("5_fvx33")]
transform = Transform3D(0.817235, 0, 0.576304, 0, 1, 0, -0.576304, 0, 0.817235, 112.009, 4.494, 66.4704)
skeleton = NodePath("../..")

[node name="Battery Pickup10" parent="Batteries" instance=ExtResource("5_fvx33")]
transform = Transform3D(0.617462, 0, -0.786601, 0, 1, 0, 0.786601, 0, 0.617462, 110.888, 4.494, 66.4704)
skeleton = NodePath("../..")

[node name="Battery Pickup6" parent="Batteries" instance=ExtResource("5_fvx33")]
transform = Transform3D(1, 0, 0, 0, 1, 0, 0, 0, 1, -0.285692, 0.210833, -4.1098)
skeleton = NodePath("../..")

[node name="key" parent="." instance=ExtResource("3_cgugd")]
transform = Transform3D(0.5, 0, 0, 0, 0.5, 0, 0, 0, 0.5, -9.73091, 0.60072, 0)

[node name="Door" parent="." instance=ExtResource("5_1tcwo")]
transform = Transform3D(3.95887, 0, 0, 0, 4.89041, 0, 0, 0, 1, -10.8736, 0.108898, 1.97808)

[node name="Flashlight Interactable" parent="." instance=ExtResource("9_f8rqe")]
transform = Transform3D(0.910763, -0.120756, 0.394878, 0.307954, 0.835703, -0.454714, -0.275092, 0.53574, 0.798314, 1.17795, 0.248616, -3.92835)

[node name="Key Body" parent="." instance=ExtResource("3_cgugd")]
transform = Transform3D(0.268258, -0.859932, 0.434228, 0.451959, 0.510408, 0.731585, -0.850747, 0, 0.525576, 181.28, 5.673, 59.0123)

[node name="FinalMyerPoint" parent="." node_paths=PackedStringArray("hidePoint", "myer") instance=ExtResource("10_v2boh")]
transform = Transform3D(1, 0, 0, 0, 1, 0, 0, 0, 1, 157.41, 5.12337, 58.9281)
hidePoint = NodePath("../CharacterBody3D/MeshInstance3D")
myer = NodePath("../myer2")
hideSpeed = 100.0
stareTime = 0.1
chasePlayer = true

[node name="PlayerDetectionArea" parent="FinalMyerPoint" index="0"]
transform = Transform3D(1, 0, 0, 0, 1, 0, 0, 0, 1, 32.046, 0, 0)

[node name="PlayerDetectionShape" parent="FinalMyerPoint/PlayerDetectionArea" index="0"]
transform = Transform3D(1, 0, 0, 0, 1, 0, 0, 0, 1, -9.72586, 2.14187, 0)
shape = SubResource("CylinderShape3D_ehnny")

[node name="MyerFleeArea" parent="FinalMyerPoint" index="1"]
transform = Transform3D(1, 0, 0, 0, 1, 0, 0, 0, 1, 0, -4.34339, 0)

[node name="MyerFleeShape" parent="FinalMyerPoint/MyerFleeArea" index="0"]
shape = SubResource("CylinderShape3D_2sqgo")

[node name="SpawnPoint" parent="FinalMyerPoint" index="2"]
layers = 0

[node name="HidePoint" parent="FinalMyerPoint" index="3"]
transform = Transform3D(0.5, 0, 0, 0, 0.5, 0, 0, 0, 0.5, 17.0629, 0, -0.781563)
layers = 0

[node name="Battery Pickup" parent="." instance=ExtResource("5_fvx33")]
transform = Transform3D(1, 0, 0, 0, 1, 0, 0, 0, 1, 183.328, 4.48442, 58.2935)

[node name="Battery Pickup7" parent="." instance=ExtResource("5_fvx33")]
transform = Transform3D(0.670815, 0, 0.741625, 0, 1, 0, -0.741625, 0, 0.670815, 183.328, 4.48442, 59.4555)

[node name="AudioTriggerButReal" parent="." instance=ExtResource("10_j657m")]
transform = Transform3D(1, 0, 0, 0, 1, 0, 0, 0, 1, 46.1932, 0.0111719, -0.516701)
speakerSpeed = 20.0
fade = true
fadeSpeed = 25.0

[node name="Trigger" parent="AudioTriggerButReal" index="0"]
transform = Transform3D(1, 0, 0, 0, 1, 0, 0, 0, 1, 1.78104, 0, -0.0118606)

[node name="Speaker" parent="AudioTriggerButReal" index="1"]
transform = Transform3D(-0.830761, 0, -0.556629, 0, 1, 0, 0.556629, 0, -0.830761, -0.583145, 0.523347, -5.35037)
stream = ExtResource("11_28x5v")
volume_db = 20.0
pitch_scale = 0.5
max_distance = 300.0
panning_strength = 3.0
emission_angle_degrees = 40.0

[node name="SpeakerDestination" parent="AudioTriggerButReal" index="2"]
transform = Transform3D(1, 0, 0, 0, 1, 0, 0, 0, 1, 2.25842, -2.34222, -104.691)

[node name="AudioTriggerButReal2" parent="." instance=ExtResource("10_j657m")]
transform = Transform3D(1, 0, 0, 0, 1, 0, 0, 0, 1, 80.5535, 2.48436, -30.5913)
speakerSpeed = 30.0
fade = true
fadeSpeed = 30.0

[node name="Trigger" parent="AudioTriggerButReal2" index="0"]
transform = Transform3D(1, 0, 0, 0, 1, 0, 0, 0, 1, 1.78104, 0, -0.0118599)

[node name="Speaker" parent="AudioTriggerButReal2" index="1"]
transform = Transform3D(1, 0, 0, 0, -4.37114e-08, -1, 0, 1, -4.37114e-08, 6.94106, -2.66091, -0.406578)
stream = ExtResource("12_h1fm7")
volume_db = 5.0
max_distance = 15.0
panning_strength = 3.0
emission_angle_degrees = 40.0
doppler_tracking = 2

[node name="SpeakerDestination" parent="AudioTriggerButReal2" index="2"]
transform = Transform3D(1, 0, 0, 0, 1, 0, 0, 0, 1, 7.22796, -0.555793, 14.4123)

[node name="AudioTriggerButReal3" parent="." instance=ExtResource("10_j657m")]
transform = Transform3D(1, 0, 0, 0, 1, 0, 0, 0, 1, 103.202, 4.96027, 31.7661)
speakerSpeed = 10.0
fade = true
fadeSpeed = 10.0

[node name="Speaker" parent="AudioTriggerButReal3" index="1"]
transform = Transform3D(0.157641, 0, 0.987496, 0, 1, 0, -0.987496, 0, 0.157641, 5.57739, 1, 0)
volume_db = 20.0
max_distance = 50.0
panning_strength = 3.0

[node name="SpeakerDestination" parent="AudioTriggerButReal3" index="2"]
transform = Transform3D(1, 0, 0, 0, 1, 0, 0, 0, 1, 0, 0, 14.8759)

[node name="Battery Pickup2" parent="." instance=ExtResource("5_fvx33")]
transform = Transform3D(0.965521, 0.0445273, -0.25649, -0.259178, 0.071943, -0.963146, -0.0244336, 0.996414, 0.0810029, 95.4783, 0.277422, -42.674)

[node name="Battery Pickup3" parent="." instance=ExtResource("5_fvx33")]
transform = Transform3D(0.980069, -0.052095, -0.191704, 0.0654938, 0.995784, 0.06423, 0.18755, -0.0755052, 0.979349, 94.4111, 0.277422, -44.2239)

[node name="chair" parent="." instance=ExtResource("13_kf5o5")]
transform = Transform3D(-0.824364, -0.563659, 0.0520864, -0.004783, 0.0989484, 0.995081, -0.56604, 0.82006, -0.0842654, 95.2441, 0.701106, -46.3846)

[node name="jar" parent="." instance=ExtResource("14_6tvnq")]
transform = Transform3D(0.764575, 0.557455, 0.323525, -0.398646, 0.0145759, 0.916989, 0.506465, -0.830079, 0.233372, 95.8783, 0.443526, -44.342)

[node name="arm" parent="." instance=ExtResource("15_lxoce")]
transform = Transform3D(0.179253, 0.333185, -0.12983, 0, 0.145229, 0.372704, 0.357587, -0.167021, 0.065082, 96.9382, -0.60276, -43.7369)

[node name="arm2" parent="." instance=ExtResource("15_lxoce")]
transform = Transform3D(-0.282044, -0.0952557, 0.0371176, -4.00663e-09, 0.108922, 0.279528, -0.102232, 0.262797, -0.102402, 95.0461, -0.224746, -44.3049)

[node name="MyerPoint" parent="." node_paths=PackedStringArray("myer") instance=ExtResource("10_v2boh")]
transform = Transform3D(1, 0, 0, 0, 1, 0, 0, 0, 1, 120.128, 0.108898, -16.574)
myer = NodePath("../myer2")
hideSpeed = 150.0
stareTime = 0.1

[node name="PlayerDetectionArea" parent="MyerPoint" index="0"]
transform = Transform3D(1, 0, 0, 0, 1, 0, 0, 0, 1, 22.727, 0, 26.3858)

[node name="PlayerDetectionShape" parent="MyerPoint/PlayerDetectionArea" index="0"]
transform = Transform3D(1, 0, 0, 0, 1, 0, 0, 0, 1, 0, 0, -4.15745)
shape = SubResource("CylinderShape3D_q0pqt")

[node name="MyerFleeArea" parent="MyerPoint" index="1"]
transform = Transform3D(1, 0, 0, 0, 1, 0, 0, 0, 1, 1.7317, 0.710664, 6.85967)

[node name="MyerFleeShape" parent="MyerPoint/MyerFleeArea" index="0"]
transform = Transform3D(1, 0, 0, 0, 1, 0, 0, 0, 1, 3.58427, 0, 6.63089)
shape = SubResource("CylinderShape3D_w877e")

[node name="SpawnPoint" parent="MyerPoint" index="2"]
transform = Transform3D(1, 0, 0, 0, 1, 0, 0, 0, 1, 0, 1.4957, 0)

[node name="HidePoint" parent="MyerPoint" index="3"]
transform = Transform3D(0.5, 0, 0, 0, 0.5, 0, 0, 0, 0.5, -37.76, 0, 0)

[node name="Battery Pickup4" parent="." instance=ExtResource("5_fvx33")]
transform = Transform3D(0.999887, 0.0150093, 0, -0.0150093, 0.999887, 0, 0, 0, 1, 144.011, -0.158656, 6.07334)

[node name="Battery Pickup5" parent="." instance=ExtResource("5_fvx33")]
transform = Transform3D(0.999887, 0.0150093, 0, -0.0150093, 0.999887, 0, 0, 0, 1, 143.497, 0.26493, 2.40807)

[node name="Battery Pickup8" parent="." instance=ExtResource("5_fvx33")]
transform = Transform3D(0.687909, 0.0103262, 0.725723, -0.0150093, 0.999887, 4.29446e-10, -0.72564, -0.0108926, 0.687987, 159.292, 0.228945, -71.8354)

[node name="MyerPoint2" parent="." node_paths=PackedStringArray("myer") instance=ExtResource("10_v2boh")]
transform = Transform3D(1, 0, 0, 0, 1, 0, 0, 0, 1, 113.295, 0.108898, -13.0661)
myer = NodePath("../myer2")
stareTime = 0.1

[node name="PlayerDetectionArea" parent="MyerPoint2" index="0"]
transform = Transform3D(1, 0, 0, 0, 1, 0, 0, 0, 1, 5.40379, 0, 0)

[node name="PlayerDetectionShape" parent="MyerPoint2/PlayerDetectionArea" index="0"]
shape = SubResource("CylinderShape3D_0ddsx")

[node name="MyerFleeArea" parent="MyerPoint2" index="1"]
transform = Transform3D(1, 0, 0, 0, 1, 0, 0, 0, 1, 0, 2.13457, -3.80697)

[node name="MyerFleeShape" parent="MyerPoint2/MyerFleeArea" index="0"]
shape = SubResource("CylinderShape3D_sywj1")

[node name="HidePoint" parent="MyerPoint2" index="3"]
transform = Transform3D(0.5, 0, 0, 0, 0.5, 0, 0, 0, 0.5, -0.164673, -3.49821, 0)

[node name="bottle2" parent="." instance=ExtResource("16_lkadw")]
transform = Transform3D(0.577031, 0.637203, -0.510888, -0.741238, 0.671242, 1.76333e-08, 0.34293, 0.37869, 0.859647, 90.2403, 0.106932, -45.0148)
collision_layer = 4096
collision_mask = 4096

[node name="BirthdayRat" parent="." instance=ExtResource("11_e0ekf")]
transform = Transform3D(-0.960551, 0, 0.278103, 0, 1, 0, -0.278103, 0, -0.960551, 84.507, 2.3589, -17.849)

[node name="rat" parent="BirthdayRat/BirthdayRat" index="0"]
transform = Transform3D(-0.0999241, 0, 0.00389632, 0, 0.1, 0, -0.00389632, 0, -0.0999241, 0, 0, 0)

[node name="WanderZone" parent="BirthdayRat/BirthdayRat" index="1"]
transform = Transform3D(0.977834, 0, 0.20938, 0, 1, 0, -0.20938, 0, 0.977834, 0, 0, 0)

[node name="WanderArea" parent="BirthdayRat/BirthdayRat/WanderZone" index="0"]
transform = Transform3D(0.998972, 0, 0.0453281, 0, 1, 0, -0.0453281, 0, 0.998972, 0, 0, 0)
shape = SubResource("BoxShape3D_l2oh2")

[node name="HidePoint" parent="BirthdayRat" index="1"]
transform = Transform3D(0.999998, 0.00109956, 4.80576e-11, 0, -4.37114e-08, 1, 0.00109956, -0.999998, -4.37113e-08, -3.59751, 0.177303, -8.49267)

[node name="BirthdayRat3" parent="." instance=ExtResource("11_e0ekf")]
transform = Transform3D(-0.870149, 0, 0.492788, 0, 1, 0, -0.492788, 0, -0.870149, 84.9204, 2.3589, -17.849)

[node name="BirthdayRat" parent="BirthdayRat3" index="0" node_paths=PackedStringArray("hidePoint", "wanderTimer", "wanderArea", "audioPlayer", "ratNoiseTimer")]
hidePoint = NodePath("../../BirthdayRat/HidePoint")
wanderTimer = NodePath("../../BirthdayRat/BirthdayRat/ScuttleTimer")
wanderArea = NodePath("../../BirthdayRat/BirthdayRat/WanderZone/WanderArea")
audioPlayer = NodePath("../../BirthdayRat/BirthdayRat/RatNoisePlayer")
ratNoiseTimer = NodePath("../../BirthdayRat/BirthdayRat/RatNoisePlayer/RatNoiseTimer")

[node name="rat" parent="BirthdayRat3/BirthdayRat" index="0"]
transform = Transform3D(-0.0999241, 0, 0.00389632, 0, 0.1, 0, -0.00389632, 0, -0.0999241, 0, 0, 0)

[node name="WanderZone" parent="BirthdayRat3/BirthdayRat" index="1"]
transform = Transform3D(0.977834, 0, 0.20938, 0, 1, 0, -0.20938, 0, 0.977834, 0, 0, 0)

[node name="WanderArea" parent="BirthdayRat3/BirthdayRat/WanderZone" index="0"]
transform = Transform3D(0.998972, 0, 0.0453281, 0, 1, 0, -0.0453281, 0, 0.998972, 0, 0, 0)
shape = SubResource("BoxShape3D_l2oh2")

[node name="HidePoint" parent="BirthdayRat3" index="1"]
transform = Transform3D(0.999998, 0.00109956, 4.80505e-11, 0, -4.37114e-08, 1, 0.00109956, -0.999998, -4.37113e-08, -3.5471, 0.177303, -8.52122)

[node name="BirthdayRat2" parent="." instance=ExtResource("11_e0ekf")]
transform = Transform3D(-0.995924, 0, 0.090198, 0, 1, 0, -0.090198, 0, -0.995924, 84.1405, 2.3589, -17.849)

[node name="BirthdayRat" parent="BirthdayRat2" index="0" node_paths=PackedStringArray("hidePoint", "wanderTimer", "wanderArea", "audioPlayer", "ratNoiseTimer")]
hidePoint = NodePath("../../BirthdayRat/HidePoint")
wanderTimer = NodePath("../../BirthdayRat/BirthdayRat/ScuttleTimer")
wanderArea = NodePath("../../BirthdayRat/BirthdayRat/WanderZone/WanderArea")
audioPlayer = NodePath("../../BirthdayRat/BirthdayRat/RatNoisePlayer")
ratNoiseTimer = NodePath("../../BirthdayRat/BirthdayRat/RatNoisePlayer/RatNoiseTimer")

[node name="WanderZone" parent="BirthdayRat2/BirthdayRat" index="1"]
transform = Transform3D(0.977834, 0, 0.20938, 0, 1, 0, -0.20938, 0, 0.977834, 0, 0, 0)

[node name="WanderArea" parent="BirthdayRat2/BirthdayRat/WanderZone" index="0"]
transform = Transform3D(0.998972, 0, 0.0453281, 0, 1, 0, -0.0453281, 0, 0.998972, 0, 0, 0)
shape = SubResource("BoxShape3D_l2oh2")

[node name="HidePoint" parent="BirthdayRat2" index="1"]
transform = Transform3D(0.999998, 0.00109956, 4.80576e-11, 0, -4.37114e-08, 1, 0.00109956, -0.999998, -4.37113e-08, -3.59751, 0.177303, -8.49267)

[node name="lock" parent="." instance=ExtResource("17_s05of")]
transform = Transform3D(-0.00118333, 0.0399053, 0.184737, 0.000255607, 0.184741, -0.0399045, -0.188998, 0, -0.00121062, 85.0964, 3.2376, -15.5776)

[node name="lock2" parent="." instance=ExtResource("17_s05of")]
transform = Transform3D(-0.188229, 0.00385248, 0.0166297, 0.000255607, 0.184741, -0.0399045, -0.0170682, -0.0397189, -0.183991, 109.437, 0.984498, 8.79744)

[node name="Battery Pickup6" parent="." instance=ExtResource("5_fvx33")]
transform = Transform3D(1, 0, 0, 0, 1, 0, 0, 0, 1, 112.047, 0.287171, 10.0791)

[node name="bottle" parent="." instance=ExtResource("16_t7ukm")]
transform = Transform3D(0.5, 0, 0, 0, 0.5, 0, 0, 0, 0.5, 112.504, 0.528998, 10.183)

[node name="Node3D2" type="Node3D" parent="."]

[node name="BirthdayRat4" parent="Node3D2" instance=ExtResource("11_e0ekf")]
transform = Transform3D(0.0127755, 0, -0.999918, 0, 1, 0, 0.999918, 0, 0.0127755, 107.355, 0.108898, 9.15763)

[node name="BirthdayRat5" parent="Node3D2" instance=ExtResource("11_e0ekf")]
transform = Transform3D(-0.0705051, 0, -0.997511, 0, 1, 0, 0.997511, 0, -0.0705051, 107.355, 0.108898, 9.18612)

[node name="BirthdayRat6" parent="Node3D2" instance=ExtResource("11_e0ekf")]
transform = Transform3D(0.073099, 0, -0.997325, 0, 1, 0, 0.997325, 0, 0.073099, 107.355, 0.108898, 9.38524)

[node name="BirthdayRat7" parent="Node3D2" instance=ExtResource("11_e0ekf")]
transform = Transform3D(0.0127755, 0, -0.999918, 0, 1, 0, 0.999918, 0, 0.0127755, 107.355, 0.108898, 9.63)

[node name="BirthdayRat8" parent="Node3D2" instance=ExtResource("11_e0ekf")]
transform = Transform3D(-0.0876599, 0, -0.99615, 0, 1, 0, 0.99615, 0, -0.0876599, 107.355, 0.108898, 9.68276)

[node name="BirthdayRat9" parent="Node3D2" instance=ExtResource("11_e0ekf")]
transform = Transform3D(0.0933786, 0, -0.995631, 0, 1, 0, 0.995631, 0, 0.0933786, 107.355, 0.108898, 9.77591)

[node name="BirthdayRat10" parent="Node3D2" instance=ExtResource("11_e0ekf")]
transform = Transform3D(-0.0838691, 0, -0.996477, 0, 1, 0, 0.996477, 0, -0.0838691, 107.355, 0.108898, 9.7032)

[node name="BirthdayRat11" parent="Node3D2" instance=ExtResource("11_e0ekf")]
transform = Transform3D(0.0254791, 0, -0.999675, 0, 1, 0, 0.999675, 0, 0.0254791, 106.168, 0.108898, 9.17272)

[node name="BirthdayRat12" parent="Node3D2" instance=ExtResource("11_e0ekf")]
transform = Transform3D(-0.0705051, 0, -0.997511, 0, 1, 0, 0.997511, 0, -0.0705051, 106.168, 0.108898, 9.18612)

[node name="BirthdayRat13" parent="Node3D2" instance=ExtResource("11_e0ekf")]
transform = Transform3D(-0.00101224, 0, -0.999999, 0, 1, 0, 0.999999, 0, -0.00101224, 106.168, 0.108898, 9.3971)

[node name="BirthdayRat14" parent="Node3D2" instance=ExtResource("11_e0ekf")]
transform = Transform3D(-0.077241, 0, -0.997012, 0, 1, 0, 0.997012, 0, -0.077241, 106.168, 0.108898, 9.61213)

[node name="BirthdayRat15" parent="Node3D2" instance=ExtResource("11_e0ekf")]
transform = Transform3D(-0.0876599, 0, -0.99615, 0, 1, 0, 0.99615, 0, -0.0876599, 106.168, 0.108898, 9.68276)

[node name="BirthdayRat16" parent="Node3D2" instance=ExtResource("11_e0ekf")]
transform = Transform3D(0.125299, 0, -0.992119, 0, 1, 0, 0.992119, 0, 0.125299, 106.168, 0.108898, 9.79739)

[node name="BirthdayRat17" parent="Node3D2" instance=ExtResource("11_e0ekf")]
transform = Transform3D(-0.10649, 0, -0.994314, 0, 1, 0, 0.994314, 0, -0.10649, 106.168, 0.108898, 9.28589)

[node name="Node3D3" type="Node3D" parent="."]
transform = Transform3D(1, 0, 0, 0, 1, 0, 0, 0, 1, 7.19736, 0, 0)

[node name="BirthdayRat4" parent="Node3D3" instance=ExtResource("11_e0ekf")]
transform = Transform3D(0.999993, 0, -0.00385713, 0, 1, 0, 0.00385713, 0, 0.999993, 109.103, 0.108898, 7.67686)

[node name="BirthdayRat5" parent="Node3D3" instance=ExtResource("11_e0ekf")]
transform = Transform3D(0.996201, 0, -0.0870862, 0, 1, 0, 0.0870862, 0, 0.996201, 109.309, 0.108898, 7.60431)

[node name="BirthdayRat6" parent="Node3D3" instance=ExtResource("11_e0ekf")]
transform = Transform3D(0.998402, 0, 0.0565012, 0, 1, 0, -0.0565012, 0, 0.998402, 109.224, 0.108898, 7.41865)

[node name="BirthdayRat7" parent="Node3D3" instance=ExtResource("11_e0ekf")]
transform = Transform3D(0.999993, 0, -0.00385713, 0, 1, 0, 0.00385713, 0, 0.999993, 109.341, 0.108898, 7.22656)

[node name="BirthdayRat11" parent="Node3D3" instance=ExtResource("11_e0ekf")]
transform = Transform3D(0.523138, 0, -0.852248, 0, 1, 0, 0.852248, 0, 0.523138, 108.173, 0.108898, 8.8191)

[node name="BirthdayRat" parent="Node3D3/BirthdayRat11" index="0" node_paths=PackedStringArray("hidePoint", "wanderTimer", "wanderArea", "audioPlayer", "ratNoiseTimer")]
hidePoint = NodePath("../../../Node3D2/BirthdayRat4/HidePoint")
wanderTimer = NodePath("../../../Node3D2/BirthdayRat4/BirthdayRat/ScuttleTimer")
wanderArea = NodePath("../../../Node3D2/BirthdayRat4/BirthdayRat/WanderZone/WanderArea")
audioPlayer = NodePath("../../../Node3D2/BirthdayRat4/BirthdayRat/RatNoisePlayer")
ratNoiseTimer = NodePath("../../../Node3D2/BirthdayRat4/BirthdayRat/RatNoisePlayer/RatNoiseTimer")

[node name="WanderZone" parent="Node3D3/BirthdayRat11/BirthdayRat" index="1"]
transform = Transform3D(1, 0, 0, 0, 1, 0, 0, 0, 1, 0.667648, 0, -0.19445)

[node name="WanderArea" parent="Node3D3/BirthdayRat11/BirthdayRat/WanderZone" index="0"]
shape = SubResource("CylinderShape3D_vd1c2")

[node name="HidePoint" parent="Node3D3/BirthdayRat11" index="1"]
transform = Transform3D(1, 0, 0, 0, -4.37114e-08, 1, 0, -1, -4.37114e-08, -0.346947, 0, -5.20578)

[node name="BirthdayRat8" parent="Node3D3" instance=ExtResource("11_e0ekf")]
transform = Transform3D(0.994555, 0, -0.104216, 0, 1, 0, 0.104216, 0, 0.994555, 109.521, 0.108898, 7.30596)

